{
 "cells": [
  {
   "cell_type": "code",
   "execution_count": 1,
   "id": "689420b4",
   "metadata": {},
   "outputs": [],
   "source": [
    "%matplotlib widget\n",
    "import os, sys\n",
    "import json\n",
    "import numpy as np\n",
    "import matplotlib.pyplot as plt\n",
    "from scipy.spatial.transform import Rotation"
   ]
  },
  {
   "cell_type": "code",
   "execution_count": 2,
   "id": "9b325733",
   "metadata": {},
   "outputs": [],
   "source": [
    "sys.path.append(os.path.dirname(os.getcwd()))\n",
    "from utils.nb import isnotebook\n",
    "from utils.viz.viz import plot_fustrum, plot_crs, set_3d_axes_equal"
   ]
  },
  {
   "cell_type": "markdown",
   "id": "2254ac4f",
   "metadata": {},
   "source": [
    "## Utility functions"
   ]
  },
  {
   "cell_type": "code",
   "execution_count": 3,
   "id": "14a39604",
   "metadata": {},
   "outputs": [],
   "source": [
    "def image2pixel(p, f, x_c, y_c, width, height):\n",
    "    # output: coordinates in the image pixels crs which origin is upper left corner (cv standard axis directions)\n",
    "    K = np.array([[f, 0, x_c + width/2.0], [0, -f, height/2.0 - y_c]])\n",
    "    p_n = K.dot([p[0], p[1], 1])\n",
    "    return True, p_n\n",
    "\n",
    "def distort(p, f, x_c, y_c, k1, k2, k3, t1, t2):\n",
    "    # p is the image point's normalized coordinates\n",
    "    # f is the focal length\n",
    "    # x_c, y_c are the principle point from the image center\n",
    "    \n",
    "    r2 = p[0] * p[0] + p[1] * p[1]    \n",
    "    rp = 1 + k1*r2 + k2*r2*r2 + k3*r2*r2*r2\n",
    "\n",
    "    rx = p[0] * rp\n",
    "    ry = p[1] * rp\n",
    "\n",
    "    tx = t2 * (r2 + 2 * p[0] * p[0]) - 2 * t1 * p[0] * p[1];\n",
    "    ty = - t1 * (r2 + 2 * p[1] * p[1]) + 2 * t2 * p[0] * p[1];\n",
    "    \n",
    "    x = rx + tx;\n",
    "    y = ry + ty;\n",
    "    \n",
    "    return True, np.array([x, y])\n"
   ]
  },
  {
   "cell_type": "code",
   "execution_count": 4,
   "id": "9ee02b25",
   "metadata": {},
   "outputs": [],
   "source": [
    "def pixel2image(p_d, x_c, y_c, width, height):\n",
    "    K = np.array([[f, 0, x_c + width/2.0], [0, -f, height/2.0 - y_c], [0, 0, 1]])\n",
    "    p_u = np.linalg.inv(K).dot([p_d[0], p_d[1], 1])\n",
    "    return True, p_u[:2]\n",
    "\n",
    "def undistort(p, distort_fn, epsilon=1e-10, max_iter_num=10, verbose=False):\n",
    "    \n",
    "    p_u = p.copy()\n",
    "    \n",
    "    result, p_d_i = distort_fn(p_u);\n",
    "    if result == False:\n",
    "        print('Distortion is unsuccessful!')\n",
    "        return False, np.one((2, 1)) * np.nan\n",
    "    delta_p = p_d_i - p_u\n",
    "    \n",
    "    epsilon = 1e-10\n",
    "    iter_num = 0\n",
    "    while np.max(np.abs(p_u - (p - delta_p))) > epsilon and iter_num < max_iter_num:\n",
    "        p_u = p - delta_p\n",
    "        result, p_d_i = distort_fn(p_u)\n",
    "        if result == False:\n",
    "            print('Distortion is unsuccessful!')\n",
    "            return False, np.one((2, 1)) * np.nan\n",
    "        delta_p = p_d_i - p_u\n",
    "        iter_num += 1\n",
    "        \n",
    "        if verbose:\n",
    "            num2str = lambda x: str(round(x, 10))\n",
    "            print('#' + num2str(iter_num) + \" x=\" + num2str(p_u[0]) + \n",
    "                  \" y=\" + num2str(p_u[0]) + \" delta=\" + num2str(np.max(np.abs(p_u - (p - delta_p)))))\n",
    "    \n",
    "    if iter_num == max_iter_num:\n",
    "        print('Did not converge!')\n",
    "        return False, p_u\n",
    "    \n",
    "    return True, p_u"
   ]
  },
  {
   "cell_type": "code",
   "execution_count": 5,
   "id": "bff12eec",
   "metadata": {},
   "outputs": [],
   "source": [
    "def backproject(C, R, camera2pixel):\n",
    "    P_c = R @ P_w - R @ C\n",
    "    \n",
    "    if P_c[2] == 0:\n",
    "        print('Divider is zero!')\n",
    "        return False, np.ones((1, 2)) * np.nan\n",
    "    \n",
    "    p_n = [-P_c[0]/P_c[2], -P_c[1]/P_c[2]]\n",
    "    result, p_d = camera2pixel(p_n)\n",
    "\n",
    "    if result == False:\n",
    "        return False, p_d\n",
    "        \n",
    "    if (p_d[0] >= 0 and p_d[0] <= width and p_d[1] >= 0 and p_d[1] <= height and \n",
    "        f*p_n[0] > -width/2.0*1.25 and f*p_n[0] < width/2.0*1.25 and\n",
    "        f*p_n[1] > -height/2.0*1.25 and f*p_n[1] < height/2.0*1.25):\n",
    "        return True, p_d\n",
    "    else:\n",
    "        return False, p_d"
   ]
  },
  {
   "cell_type": "code",
   "execution_count": 6,
   "id": "a1ae9774",
   "metadata": {},
   "outputs": [],
   "source": [
    "def triangulate(backprojection_data, pixel2camera, views_rot, views_pos):\n",
    "\n",
    "    if len(backprojection_data) < 2:\n",
    "        print('Not enough observations!')\n",
    "        return False, np.ones((1, 3)) * np.nan\n",
    "    \n",
    "    if backprojection_data.shape[1] < 3:\n",
    "        print('Wrong backprojections array structure')\n",
    "        return False, np.ones((1, 3)) * np.nan\n",
    "    \n",
    "    cam_indices = backprojection_data[:, 0].astype('int')\n",
    "    img_pts = backprojection_data[:, 1:3]\n",
    "    n_img_pts = img_pts.shape[0]\n",
    "\n",
    "    A = np.zeros((n_img_pts*2, 3)) \n",
    "    b = np.zeros((n_img_pts*2, 1))\n",
    "    for k in range(n_img_pts):\n",
    "        cam_idx = cam_indices[k]\n",
    "        R = views_rot[cam_idx]\n",
    "        C = views_pos[cam_idx]\n",
    "        img_pt = img_pts[k, :]\n",
    "        \n",
    "        result, p_c = pixel2camera(img_pt)\n",
    "        x_i = f*p_c[0];\n",
    "        y_i = f*p_c[1];\n",
    "        z_i = -f\n",
    "\n",
    "        #x_i = img_pt[0] - x_c - width/2.0;\n",
    "        #y_i = -img_pt[1] - y_c + height/2.0;\n",
    "        #z_i = -f\n",
    "\n",
    "        p_i = np.array([x_i, y_i, z_i]).T\n",
    "        p_i_w = R.T @ p_i\n",
    "\n",
    "        x_n_w = p_i_w[0] / p_i_w[2]\n",
    "        y_n_w = p_i_w[1] / p_i_w[2]\n",
    "\n",
    "        A[k*2, :] = [-1, 0, x_n_w]\n",
    "        b[k*2] = -C[0] + x_n_w*C[2];\n",
    "\n",
    "        A[k*2+1, :] = [0, -1, y_n_w]\n",
    "        b[k*2 + 1] = -C[1] + y_n_w*C[2];\n",
    "\n",
    "    #P_hat = np.linalg.inv((A.T @ A)) @ A.T @ b\n",
    "    P_hat = np.linalg.solve(A.T @ A, A.T @ b)\n",
    "              \n",
    "    return True, P_hat.T.squeeze(0)"
   ]
  },
  {
   "cell_type": "markdown",
   "id": "93534dae",
   "metadata": {},
   "source": [
    "## Problem definition"
   ]
  },
  {
   "cell_type": "code",
   "execution_count": 7,
   "id": "34849710",
   "metadata": {},
   "outputs": [],
   "source": [
    "# Results from seven param\n",
    "bundle_mean_offset = np.array([540702.214,126931.369,369.762])\n",
    "bundle_data_str = '{\"camera\":{\"focal_length\":7471.27,\"xo\":19.499321327528516,\"yo\":-6.644968239965986,\"pixel_width\":7952,\"pixel_height\":5304,\"k1\":-0.009478270302244397,\"k2\":0.04629766820693931,\"k3\":-0.07699880304345112,\"t1\":0.00043476760052012665,\"t2\":0.00023383541355524783},\"images\":[{\"name\":\"MCC_Flight_01_00002.JPG\",\"position\":{\"x\":82.35928286979,\"y\":-1.2556541964700036,\"z\":0.04799140128000081},\"rotation\":[[0.81146041,-0.57676876,-0.09417958],[0.57067828,0.81676599,-0.08496834],[0.12592976,0.01520221,0.99192267]],\"reconstructed\":true},{\"name\":\"MCC_Flight_01_00003.JPG\",\"position\":{\"x\":93.12255396163,\"y\":22.443399079989998,\"z\":-0.97887273091},\"rotation\":[[0.77233411,-0.63420716,-0.03579525],[0.62925589,0.77157274,-0.09334093],[0.08681612,0.04956601,0.99499054]],\"reconstructed\":true},{\"name\":\"MCC_Flight_01_00004.JPG\",\"position\":{\"x\":104.61753521614001,\"y\":45.666866466170006,\"z\":-1.6250601033700003},\"rotation\":[[0.82809178,-0.56037706,0.01554218],[0.56045358,0.82695099,-0.04520893],[0.01248143,0.04614781,0.99885664]],\"reconstructed\":true},{\"name\":\"MCC_Flight_01_00005.JPG\",\"position\":{\"x\":115.70976815082001,\"y\":68.92001982130999,\"z\":-0.603760015349999},\"rotation\":[[0.79842229,-0.60206282,-0.00649641],[0.59808628,0.79429993,-0.10667909],[0.06938761,0.08128955,0.99427228]],\"reconstructed\":true},{\"name\":\"MCC_Flight_01_00006.JPG\",\"position\":{\"x\":128.21136057617,\"y\":91.64647133678001,\"z\":-1.178327668049997},\"rotation\":[[0.70597676,-0.64525422,-0.29196542],[0.65153197,0.75332718,-0.08946645],[0.27767409,-0.12706357,0.95223524]],\"reconstructed\":true},{\"name\":\"MCC_Flight_01_00007.JPG\",\"position\":{\"x\":95.62413725647001,\"y\":112.64874240729,\"z\":-4.161914070129999},\"rotation\":[[-0.97297229,0.18112469,-0.14324372],[-0.18589985,-0.98235329,0.02057312],[-0.13698964,0.04664606,0.98947359]],\"reconstructed\":true},{\"name\":\"MCC_Flight_01_00008.JPG\",\"position\":{\"x\":83.11172268514,\"y\":88.55496592428,\"z\":-3.2256694674400004},\"rotation\":[[-0.96496574,0.25801613,0.04763179],[-0.25766626,-0.96614035,0.01345077],[0.04948951,0.00070642,0.99877439]],\"reconstructed\":true},{\"name\":\"MCC_Flight_01_00009.JPG\",\"position\":{\"x\":71.75191918042,\"y\":65.23237656462,\"z\":-2.1187321533200003},\"rotation\":[[-0.98814891,0.15018319,0.03172906],[-0.15066549,-0.98849417,-0.01338614],[0.02935361,-0.01800797,0.99940686]],\"reconstructed\":true},{\"name\":\"MCC_Flight_01_00010.JPG\",\"position\":{\"x\":61.26550996637,\"y\":41.79077550519,\"z\":-2.11152043601},\"rotation\":[[-0.992939,0.11146488,-0.04059208],[-0.11101198,-0.9937307,-0.01325245],[-0.04181477,-0.00865267,0.99908791]],\"reconstructed\":true},{\"name\":\"MCC_Flight_01_00011.JPG\",\"position\":{\"x\":50.31861021579001,\"y\":18.350054653960004,\"z\":-2.3090450428200002},\"rotation\":[[-0.98326587,0.18157097,0.01483965],[-0.18165315,-0.98335291,-0.00438],[0.01379733,-0.00700238,0.99988029]],\"reconstructed\":true},{\"name\":\"MCC_Flight_01_00012.JPG\",\"position\":{\"x\":39.40508526744,\"y\":-4.92087957888,\"z\":-2.28648902663},\"rotation\":[[-0.98798436,0.15417549,0.01080818],[-0.15433886,-0.98788193,-0.01639552],[0.00814942,-0.01786664,0.99980717]],\"reconstructed\":true},{\"name\":\"MCC_Flight_01_00013.JPG\",\"position\":{\"x\":28.917448434870003,\"y\":-28.00198831267,\"z\":-1.67027076552},\"rotation\":[[-0.98664305,0.16162299,-0.02033483],[-0.16106783,-0.98658761,-0.0264961],[-0.02434447,-0.02286691,0.99944207]],\"reconstructed\":true},{\"name\":\"MCC_Flight_01_00014.JPG\",\"position\":{\"x\":18.10250853016,\"y\":-51.489683263159996,\"z\":-1.1083055364199998},\"rotation\":[[-0.98562945,0.16489283,-0.03667337],[-0.16227466,-0.98456422,-0.06557612],[-0.04692032,-0.0586826,0.99717342]],\"reconstructed\":true},{\"name\":\"MCC_Flight_01_00015.JPG\",\"position\":{\"x\":7.044001513579998,\"y\":-75.46038759319,\"z\":-0.7910420265299996},\"rotation\":[[-0.97013745,0.24254539,0.00225127],[-0.2418597,-0.96660876,-0.0846841],[-0.01836364,-0.08269971,0.99640531]],\"reconstructed\":true},{\"name\":\"MCC_Flight_01_00016.JPG\",\"position\":{\"x\":-3.161367966759999,\"y\":-98.16694163632,\"z\":-1.047512299520001},\"rotation\":[[-0.97518899,0.2207943,-0.01600983],[-0.21938871,-0.97357662,-0.06338108],[-0.02958098,-0.05829616,0.99786097]],\"reconstructed\":true},{\"name\":\"MCC_Flight_01_00017.JPG\",\"position\":{\"x\":-13.680380669489999,\"y\":-121.60292506934,\"z\":-1.8376736000900002},\"rotation\":[[-0.95164533,0.1859537,0.24452483],[-0.20343071,-0.97790988,-0.0480439],[0.23018931,-0.09546461,0.96845206]],\"reconstructed\":true},{\"name\":\"MCC_Flight_01_00018.JPG\",\"position\":{\"x\":-19.76766954484,\"y\":-146.09661388199999,\"z\":-1.808656646549999},\"rotation\":[[-0.96774409,-0.10514983,0.22894298],[0.09280517,-0.99362104,-0.06406585],[0.23421908,-0.04075226,0.97132933]],\"reconstructed\":true},{\"name\":\"MCC_Flight_01_00019.JPG\",\"position\":{\"x\":-60.14016739468001,\"y\":-129.04674883909001,\"z\":-3.1687698907399997},\"rotation\":[[0.84717226,-0.53068078,-0.02602057],[0.53045558,0.84757149,-0.0154739],[0.03026599,-0.0006937,0.99954164]],\"reconstructed\":true},{\"name\":\"MCC_Flight_01_00020.JPG\",\"position\":{\"x\":-49.736570234910005,\"y\":-104.89088013374,\"z\":-2.761282659330001},\"rotation\":[[0.84542106,-0.53359383,-0.0232564],[0.53060448,0.84406466,-0.07754825],[0.06100917,0.05322097,0.99671732]],\"reconstructed\":true},{\"name\":\"MCC_Flight_01_00021.JPG\",\"position\":{\"x\":-38.908213667800005,\"y\":-81.43625905133,\"z\":-2.5203271780200005},\"rotation\":[[0.8442514,-0.53579632,-0.01272295],[0.5330382,0.84190221,-0.08408887],[0.05576598,0.06421032,0.99637703]],\"reconstructed\":true},{\"name\":\"MCC_Flight_01_00022.JPG\",\"position\":{\"x\":-28.139944134470003,\"y\":-58.621910630710005,\"z\":-4.00023137549},\"rotation\":[[0.78621803,-0.61791256,-0.00672865],[0.61662436,0.78519855,-0.05690025],[0.04044271,0.04058695,0.99835719]],\"reconstructed\":true},{\"name\":\"MCC_Flight_01_00023.JPG\",\"position\":{\"x\":-17.116907261839998,\"y\":-35.5339959528,\"z\":-4.15937099287},\"rotation\":[[0.75716984,-0.65318285,-0.00678212],[0.65226313,0.7565834,-0.04619912],[0.03530771,0.03055686,0.99890923]],\"reconstructed\":true},{\"name\":\"MCC_Flight_01_00024.JPG\",\"position\":{\"x\":-6.13455894869,\"y\":-12.317518911359999,\"z\":-3.22366808808},\"rotation\":[[0.77173619,-0.63351649,-0.05549882],[0.62836011,0.7730615,-0.08683022],[0.09791238,0.03213678,0.99467602]],\"reconstructed\":true},{\"name\":\"MCC_Flight_01_00025.JPG\",\"position\":{\"x\":4.671635682690001,\"y\":11.0118296232,\"z\":-3.5716084394900003},\"rotation\":[[0.80931577,-0.58691602,0.02318541],[0.58694789,0.80659571,-0.06996816],[0.02236418,0.07023496,0.99727975]],\"reconstructed\":true},{\"name\":\"MCC_Flight_01_00027.JPG\",\"position\":{\"x\":26.250723830640002,\"y\":57.949367483139994,\"z\":-5.6961660342},\"rotation\":[[0.79097984,-0.61184211,-0.00036331],[0.61176565,0.79087133,0.01628892],[-0.00967891,-0.01310647,0.99986726]],\"reconstructed\":true},{\"name\":\"MCC_Flight_01_00028.JPG\",\"position\":{\"x\":36.59046139074,\"y\":81.71198875055,\"z\":-3.6204614655099996},\"rotation\":[[0.81964818,-0.56499592,-0.09463858],[0.56157756,0.82509063,-0.06209745],[0.11317021,-0.00224884,0.99357307]],\"reconstructed\":true},{\"name\":\"MCC_Flight_01_00029.JPG\",\"position\":{\"x\":47.732835187730004,\"y\":104.71528108113,\"z\":-1.0625982732299992},\"rotation\":[[0.83553571,-0.54377853,0.0786447],[0.54943314,0.82645476,-0.12286477],[0.00181494,0.14586791,0.98930241]],\"reconstructed\":true},{\"name\":\"MCC_Flight_01_00030.JPG\",\"position\":{\"x\":58.05423845682001,\"y\":128.09979489012,\"z\":-0.33234166097999956},\"rotation\":[[0.84313462,-0.50369388,-0.18819272],[0.47703803,0.86219713,-0.17044304],[0.24811034,0.05393134,0.96722938]],\"reconstructed\":true},{\"name\":\"MCC_Flight_01_00031.JPG\",\"position\":{\"x\":73.81205143818,\"y\":148.43108441463,\"z\":-1.7613095092000006},\"rotation\":[[0.48994682,-0.87092278,0.0380214],[0.86912117,0.48461714,-0.09886663],[0.06767938,0.08148459,0.99437406]],\"reconstructed\":true},{\"name\":\"MCC_Flight_01_00032.JPG\",\"position\":{\"x\":33.71100522276999,\"y\":162.29130884767997,\"z\":-0.27557475638000467},\"rotation\":[[-0.91442764,0.39851035,-0.0707926],[-0.38480167,-0.91019153,-0.15322876],[-0.12549807,-0.1128755,0.98565174]],\"reconstructed\":true},{\"name\":\"MCC_Flight_01_00033.JPG\",\"position\":{\"x\":20.792106151920002,\"y\":139.80343628855,\"z\":0.08292356957000173},\"rotation\":[[-0.96833394,0.23055771,0.09577333],[-0.244152,-0.95465062,-0.17038779],[0.05214585,-0.18837553,0.98071172]],\"reconstructed\":true},{\"name\":\"MCC_Flight_01_00034.JPG\",\"position\":{\"x\":9.98542457119,\"y\":115.78698611406,\"z\":0.21530175024000112},\"rotation\":[[-0.97833145,0.20405235,-0.03507447],[-0.19776487,-0.97112384,-0.1334449],[-0.0612914,-0.12361684,0.99043538]],\"reconstructed\":true},{\"name\":\"MCC_Flight_01_00035.JPG\",\"position\":{\"x\":-0.5902691800900055,\"y\":92.26248659463,\"z\":0.3127222925699977},\"rotation\":[[-0.95594374,0.29299429,-0.0180531],[-0.28705537,-0.94588958,-0.15130141],[-0.06140669,-0.1394534,0.98832281]],\"reconstructed\":true},{\"name\":\"MCC_Flight_01_00036.JPG\",\"position\":{\"x\":-11.638147093810003,\"y\":68.93972822484999,\"z\":-0.013600150680000188},\"rotation\":[[-0.99245868,0.12092224,-0.02008915],[-0.1182826,-0.98773201,-0.10195438],[-0.03217125,-0.09880931,0.99458621]],\"reconstructed\":true},{\"name\":\"MCC_Flight_01_00037.JPG\",\"position\":{\"x\":-22.34653497239,\"y\":45.66889990758,\"z\":-0.66268300874},\"rotation\":[[-0.98547674,0.16005639,0.05672345],[-0.16666303,-0.97566928,-0.14245314],[0.0325428,-0.14983796,0.98817486]],\"reconstructed\":true},{\"name\":\"MCC_Flight_01_00038.JPG\",\"position\":{\"x\":-32.81013874898,\"y\":21.782266128519996,\"z\":-2.22101869584},\"rotation\":[[-0.97509809,0.21911882,-0.03421473],[-0.21776232,-0.97520778,-0.03936188],[-0.0419914,-0.03093102,0.99863907]],\"reconstructed\":true},{\"name\":\"MCC_Flight_01_00039.JPG\",\"position\":{\"x\":-43.53822496787999,\"y\":-1.5894559828100001,\"z\":-2.4054093520400004},\"rotation\":[[-0.97617853,0.21539647,0.02607355],[-0.21601095,-0.97610546,-0.02360933],[0.02036517,-0.02867909,0.99938119]],\"reconstructed\":true},{\"name\":\"MCC_Flight_01_00040.JPG\",\"position\":{\"x\":-53.916672392699994,\"y\":-25.18909294514,\"z\":-1.014597333859999},\"rotation\":[[-0.97685412,0.15145382,-0.1510555],[-0.13843167,-0.98596314,-0.0933454],[-0.16307267,-0.07027398,0.98410816]],\"reconstructed\":true},{\"name\":\"MCC_Flight_01_00041.JPG\",\"position\":{\"x\":-64.76839461377999,\"y\":-48.30428692779,\"z\":-1.0477234264099993},\"rotation\":[[-0.97897536,0.20382939,-0.00779894],[-0.20149134,-0.97228371,-0.11859861],[-0.03175666,-0.1145337,0.99291165]],\"reconstructed\":true},{\"name\":\"MCC_Flight_01_00042.JPG\",\"position\":{\"x\":-75.66813160874001,\"y\":-71.59243443940001,\"z\":-1.8515199376600002},\"rotation\":[[-0.95284755,0.29670696,-0.06361237],[-0.28749935,-0.94977412,-0.12358499],[-0.09708591,-0.09946914,0.99029299]],\"reconstructed\":true},{\"name\":\"MCC_Flight_01_00043.JPG\",\"position\":{\"x\":-87.09186540655,\"y\":-95.19713373465,\"z\":-3.1332040956699996},\"rotation\":[[-0.96144467,0.27294971,0.03350534],[-0.27471375,-0.95883661,-0.07186595],[0.01251035,-0.07829951,0.99685138]],\"reconstructed\":true},{\"name\":\"MCC_Flight_01_00044.JPG\",\"position\":{\"x\":-96.024894215,\"y\":-119.05548145175001,\"z\":-2.1481782728599987},\"rotation\":[[-0.96091962,0.00411233,0.27679699],[-0.02838935,-0.99608173,-0.08375693],[0.27536799,-0.08834176,0.95727123]],\"reconstructed\":true},{\"name\":\"MCC_Flight_01_00045.JPG\",\"position\":{\"x\":-100.27709690482,\"y\":-143.80235793981,\"z\":-1.921489684049998},\"rotation\":[[-0.99001498,-0.13769031,0.03019473],[0.13271828,-0.98265987,-0.12948141],[0.04749949,-0.12418114,0.99112201]],\"reconstructed\":true},{\"name\":\"MCC_Flight_01_00046.JPG\",\"position\":{\"x\":-137.96524991956,\"y\":-118.62472987883,\"z\":-5.344320637020001},\"rotation\":[[0.78692129,-0.61635803,0.02928588],[0.6161882,0.78241995,-0.0901728],[0.03266487,0.08900451,0.99549546]],\"reconstructed\":true},{\"name\":\"MCC_Flight_01_00047.JPG\",\"position\":{\"x\":-126.52651239014999,\"y\":-94.56778725398999,\"z\":-6.51435552789},\"rotation\":[[0.80168487,-0.59763897,-0.01135899],[0.59645085,0.80105289,-0.05060288],[0.03934141,0.03379249,0.99865426]],\"reconstructed\":true},{\"name\":\"MCC_Flight_01_00049.JPG\",\"position\":{\"x\":-104.9072177317,\"y\":-47.66281310437001,\"z\":-4.70212894917},\"rotation\":[[0.766177,-0.64102299,-0.04541301],[0.6348236,0.76595913,-0.10151656],[0.09985895,0.04895041,0.99379678]],\"reconstructed\":true},{\"name\":\"MCC_Flight_01_00050.JPG\",\"position\":{\"x\":-94.58161467375,\"y\":-24.3822444912,\"z\":-4.393112088869999},\"rotation\":[[0.83186022,-0.55498442,0.00092941],[0.55081729,0.82540698,-0.12370788],[0.06788881,0.1034196,0.99231824]],\"reconstructed\":true}]}'\n",
    "\n",
    "# Readjusted with lidar points as tiepoints\n",
    "#bundle_mean_offset = np.array([540702.214,126931.369,369.762])\n",
    "#bundle_data_str = '{\"camera\":{\"focal_length\":7475.84,\"xo\":16.898720410714827,\"yo\":-3.8143881804946758,\"pixel_width\":7952,\"pixel_height\":5304,\"k1\":-0.007766085705971658,\"k2\":0.03979231245570214,\"k3\":-0.05740629060190895,\"t1\":0.0002868898716742599,\"t2\":0.00007148316521926627},\"images\":[{\"name\":\"MCC_Flight_01_00002.JPG\",\"position\":{\"x\":83.34562825747001,\"y\":-0.8823152326499977,\"z\":1.6453483799000013},\"rotation\":[[0.81480497,-0.57164445,-0.0965167],[0.56551537,0.82037412,-0.08472703],[0.12761355,0.01445433,0.99171864]],\"reconstructed\":true},{\"name\":\"MCC_Flight_01_00003.JPG\",\"position\":{\"x\":94.07928516452999,\"y\":23.138884945189993,\"z\":0.612233399030002},\"rotation\":[[0.77615984,-0.6293834,-0.03811086],[0.62429166,0.77555349,-0.09368405],[0.08852019,0.0489215,0.99487228]],\"reconstructed\":true},{\"name\":\"MCC_Flight_01_00004.JPG\",\"position\":{\"x\":105.57173717185,\"y\":46.71812621159,\"z\":-0.01841935005000003},\"rotation\":[[0.83162035,-0.55518841,0.01316916],[0.55515045,0.83046893,-0.04614467],[0.0146824,0.04568571,0.99884796]],\"reconstructed\":true},{\"name\":\"MCC_Flight_01_00005.JPG\",\"position\":{\"x\":116.62398391733001,\"y\":70.23906340692999,\"z\":1.02975504632},\"rotation\":[[0.80219222,-0.59700065,-0.00882399],[0.59279349,0.7981299,-0.10763155],[0.0712988,0.08111038,0.99415169]],\"reconstructed\":true},{\"name\":\"MCC_Flight_01_00006.JPG\",\"position\":{\"x\":129.10463945632,\"y\":93.39453137647997,\"z\":0.4752583023599989},\"rotation\":[[0.70959102,-0.64076775,-0.29308236],[0.64631925,0.75756737,-0.09145006],[0.28062788,-0.12453263,0.95170353]],\"reconstructed\":true},{\"name\":\"MCC_Flight_01_00007.JPG\",\"position\":{\"x\":96.17471338622,\"y\":114.51365775158001,\"z\":-2.6640396225400016},\"rotation\":[[-0.97460563,0.1743285,-0.14054696],[-0.17936041,-0.98349384,0.02386862],[-0.13406609,0.04847105,0.98978626]],\"reconstructed\":true},{\"name\":\"MCC_Flight_01_00008.JPG\",\"position\":{\"x\":83.52988402042,\"y\":89.99414701053,\"z\":-1.70237265349},\"rotation\":[[-0.96655907,0.25175695,0.0488057],[-0.25129251,-0.9677866,0.01553007],[0.05114331,0.00274622,0.99868755]],\"reconstructed\":true},{\"name\":\"MCC_Flight_01_00009.JPG\",\"position\":{\"x\":72.2023859102,\"y\":66.34796304356999,\"z\":-0.5628759030799997},\"rotation\":[[-0.9890354,0.14395709,0.03294427],[-0.14441314,-0.98944596,-0.01189725],[0.03088388,-0.01652439,0.99938638]],\"reconstructed\":true},{\"name\":\"MCC_Flight_01_00010.JPG\",\"position\":{\"x\":61.78110833922,\"y\":42.59625553426999,\"z\":-0.5442251294500002},\"rotation\":[[-0.99367132,0.10526225,-0.03920685],[-0.10486025,-0.9944124,-0.01217797],[-0.04026966,-0.00798966,0.9991569]],\"reconstructed\":true},{\"name\":\"MCC_Flight_01_00011.JPG\",\"position\":{\"x\":50.8498170063,\"y\":18.836717191400002,\"z\":-0.7368728202500001},\"rotation\":[[-0.98434503,0.17553375,0.01589888],[-0.17561205,-0.98445265,-0.00365951],[0.01500933,-0.00639425,0.99986691]],\"reconstructed\":true},{\"name\":\"MCC_Flight_01_00012.JPG\",\"position\":{\"x\":39.98709358079,\"y\":-4.76656694427,\"z\":-0.7263966323800001},\"rotation\":[[-0.98892051,0.14796871,0.01189509],[-0.14815033,-0.98883218,-0.01619848],[0.00936538,-0.01778127,0.99979804]],\"reconstructed\":true},{\"name\":\"MCC_Flight_01_00013.JPG\",\"position\":{\"x\":29.548717347270003,\"y\":-28.19575355308,\"z\":-0.11825664471999991},\"rotation\":[[-0.98764951,0.15550182,-0.01917353],[-0.15496455,-0.98755376,-0.02689886],[-0.02311771,-0.02359543,0.99945426]],\"reconstructed\":true},{\"name\":\"MCC_Flight_01_00014.JPG\",\"position\":{\"x\":18.688753139010007,\"y\":-51.97918309331,\"z\":0.3928271271600001},\"rotation\":[[-0.98668668,0.15856058,-0.03616539],[-0.15594617,-0.98553841,-0.06629356],[-0.04615393,-0.05977111,0.99714454]],\"reconstructed\":true},{\"name\":\"MCC_Flight_01_00015.JPG\",\"position\":{\"x\":7.67525478704,\"y\":-76.14184281068,\"z\":0.7694809137199997},\"rotation\":[[-0.97151311,0.23697114,0.00263775],[-0.23633726,-0.96797147,-0.08471083],[-0.01752075,-0.08292108,0.99640209]],\"reconstructed\":true},{\"name\":\"MCC_Flight_01_00016.JPG\",\"position\":{\"x\":-2.4244541470599987,\"y\":-99.11958127603,\"z\":0.5941302439499996},\"rotation\":[[-0.97648736,0.21502633,-0.01536629],[-0.21366838,-0.97484894,-0.0633669],[-0.02860536,-0.05859369,0.99787199]],\"reconstructed\":true},{\"name\":\"MCC_Flight_01_00017.JPG\",\"position\":{\"x\":-13.04166068239,\"y\":-122.85931912857,\"z\":-0.08739963225999973},\"rotation\":[[-0.95283931,0.18059917,0.24388766],[-0.19797976,-0.97900407,-0.04852879],[0.23000276,-0.09452496,0.96858854]],\"reconstructed\":true},{\"name\":\"MCC_Flight_01_00018.JPG\",\"position\":{\"x\":-19.0589664602,\"y\":-147.65851744859998,\"z\":0.08371606226000179},\"rotation\":[[-0.96743364,-0.11044841,0.22775711],[0.09816264,-0.9930703,-0.06461792],[0.23331577,-0.04015631,0.97157152]],\"reconstructed\":true},{\"name\":\"MCC_Flight_01_00019.JPG\",\"position\":{\"x\":-59.98694900179001,\"y\":-130.76376385135,\"z\":-1.4042477328099996},\"rotation\":[[0.84998739,-0.52614,-0.02642224],[0.52599004,0.85039291,-0.01289917],[0.02925606,-0.0029337,0.99956764]],\"reconstructed\":true},{\"name\":\"MCC_Flight_01_00020.JPG\",\"position\":{\"x\":-49.600238160809994,\"y\":-106.27925942211,\"z\":-1.09102674432},\"rotation\":[[0.84833285,-0.52893369,-0.02367544],[0.52606338,0.84710159,-0.07534066],[0.05990572,0.05145918,0.99687675]],\"reconstructed\":true},{\"name\":\"MCC_Flight_01_00021.JPG\",\"position\":{\"x\":-38.7717375277,\"y\":-82.54217771257001,\"z\":-0.8870128960200019},\"rotation\":[[0.84725311,-0.53102062,-0.01338961],[0.52834086,0.84504886,-0.08214838],[0.05493736,0.06252619,0.99653016]],\"reconstructed\":true},{\"name\":\"MCC_Flight_01_00022.JPG\",\"position\":{\"x\":-28.10460408443,\"y\":-59.493146749110004,\"z\":-2.38282657148},\"rotation\":[[0.78988683,-0.61320688,-0.00749106],[0.61198949,0.78898467,-0.0545165],[0.03934023,0.03847742,0.99848477]],\"reconstructed\":true},{\"name\":\"MCC_Flight_01_00023.JPG\",\"position\":{\"x\":-17.07567358482,\"y\":-35.939597040609996,\"z\":-2.6113409501200002},\"rotation\":[[0.76122399,-0.64845098,-0.0070253],[0.64756466,0.76067254,-0.04513655],[0.03461279,0.02980969,0.99895612]],\"reconstructed\":true},{\"name\":\"MCC_Flight_01_00024.JPG\",\"position\":{\"x\":-6.130789943020001,\"y\":-12.413628040219999,\"z\":-1.69648239985},\"rotation\":[[0.7754392,-0.6289789,-0.05549403],[0.62387822,0.77675482,-0.08618531],[0.097314,0.03220995,0.99473238]],\"reconstructed\":true},{\"name\":\"MCC_Flight_01_00025.JPG\",\"position\":{\"x\":4.637190673019999,\"y\":11.102139184839999,\"z\":-2.0915143604199997},\"rotation\":[[0.81274677,-0.58217473,0.02269976],[0.58221046,0.81010737,-0.06897123],[0.02176407,0.06927218,0.99736036]],\"reconstructed\":true},{\"name\":\"MCC_Flight_01_00027.JPG\",\"position\":{\"x\":26.285094055200002,\"y\":58.64808983156,\"z\":-4.23696380238},\"rotation\":[[0.79481342,-0.60685224,-0.00141119],[0.60679572,0.7947029,0.01569268],[-0.00840166,-0.01332906,0.99987587]],\"reconstructed\":true},{\"name\":\"MCC_Flight_01_00028.JPG\",\"position\":{\"x\":36.53976869891001,\"y\":82.74399846089001,\"z\":-2.115426309300001},\"rotation\":[[0.82312649,-0.55981485,-0.0952372],[0.55626233,0.82861695,-0.06297763],[0.11417097,-0.00113831,0.99346046]],\"reconstructed\":true},{\"name\":\"MCC_Flight_01_00029.JPG\",\"position\":{\"x\":47.69616208651,\"y\":106.0258229593,\"z\":0.4761205522500015},\"rotation\":[[0.83917466,-0.53831508,0.07747751],[0.5438564,0.82996004,-0.12404253],[0.00247073,0.14622998,0.98924754]],\"reconstructed\":true},{\"name\":\"MCC_Flight_01_00030.JPG\",\"position\":{\"x\":57.90333986331,\"y\":129.74753541824,\"z\":1.1509898171399964},\"rotation\":[[0.84627,-0.4982347,-0.1886512],[0.47106189,0.86519384,-0.17187298],[0.24885294,0.05658456,0.96688696]],\"reconstructed\":true},{\"name\":\"MCC_Flight_01_00031.JPG\",\"position\":{\"x\":73.67657588066,\"y\":150.34796824807,\"z\":-0.19282253289000048},\"rotation\":[[0.4960057,-0.86747854,0.03820112],[0.86563264,0.49053417,-0.10028143],[0.06825304,0.0828083,0.99422548]],\"reconstructed\":true},{\"name\":\"MCC_Flight_01_00032.JPG\",\"position\":{\"x\":33.154122841420005,\"y\":164.22380797003,\"z\":1.1702479749700005},\"rotation\":[[-0.91725754,0.39192195,-0.07096335],[-0.37870008,-0.91337327,-0.14945072],[-0.12338904,-0.11021097,0.98621939]],\"reconstructed\":true},{\"name\":\"MCC_Flight_01_00033.JPG\",\"position\":{\"x\":20.180115664640002,\"y\":141.41691300476,\"z\":1.574428107740004},\"rotation\":[[-0.96986516,0.22422296,0.09531858],[-0.23765223,-0.95683577,-0.16729234],[0.05369345,-0.18490369,0.98128876]],\"reconstructed\":true},{\"name\":\"MCC_Flight_01_00034.JPG\",\"position\":{\"x\":9.43548079019,\"y\":117.04807769867999,\"z\":1.6978215383899984},\"rotation\":[[-0.97966935,0.19748012,-0.03534925],[-0.19135072,-0.97272801,-0.13109205],[-0.06027328,-0.12166276,0.99073978]],\"reconstructed\":true},{\"name\":\"MCC_Flight_01_00035.JPG\",\"position\":{\"x\":-1.115377456660003,\"y\":93.19711472,\"z\":1.7593636753299982},\"rotation\":[[-0.95781163,0.28678598,-0.01872659],[-0.28092499,-0.94800352,-0.1495676],[-0.06064676,-0.13799681,0.98857415]],\"reconstructed\":true},{\"name\":\"MCC_Flight_01_00036.JPG\",\"position\":{\"x\":-12.14068101764,\"y\":69.60282483655999,\"z\":1.4122861627399987},\"rotation\":[[-0.99317691,0.11474467,-0.02081544],[-0.11211451,-0.98861541,-0.10034894],[-0.03209297,-0.09733054,0.99473454]],\"reconstructed\":true},{\"name\":\"MCC_Flight_01_00037.JPG\",\"position\":{\"x\":-22.82086241135,\"y\":46.02671381532999,\"z\":0.7755274756199998},\"rotation\":[[-0.98648369,0.15409256,0.05572616],[-0.16056986,-0.97686285,-0.14126677],[0.03266865,-0.1483053,0.98840189]],\"reconstructed\":true},{\"name\":\"MCC_Flight_01_00038.JPG\",\"position\":{\"x\":-33.2317014612,\"y\":21.81882053712,\"z\":-0.78743185908},\"rotation\":[[-0.97640683,0.21305694,-0.03516308],[-0.21170226,-0.97657116,-0.03861246],[-0.0425659,-0.03025737,0.99863539]],\"reconstructed\":true},{\"name\":\"MCC_Flight_01_00039.JPG\",\"position\":{\"x\":-43.941776685099995,\"y\":-1.9020354936499984,\"z\":-0.9511695300300002},\"rotation\":[[-0.97753748,0.20928872,0.02487375],[-0.20986254,-0.97745443,-0.02324962],[0.01944707,-0.02794744,0.99942021]],\"reconstructed\":true},{\"name\":\"MCC_Flight_01_00040.JPG\",\"position\":{\"x\":-54.293803443520005,\"y\":-25.782310448159997,\"z\":0.4996074739199989},\"rotation\":[[-0.97753067,0.14575015,-0.15228486],[-0.13257013,-0.98675971,-0.09343679],[-0.16388699,-0.07114891,0.98391]],\"reconstructed\":true},{\"name\":\"MCC_Flight_01_00041.JPG\",\"position\":{\"x\":-65.27818778366,\"y\":-49.217480752,\"z\":0.4999195304600006},\"rotation\":[[-0.98005203,0.1984862,-0.01006181],[-0.1958947,-0.97331469,-0.11951479],[-0.03351535,-0.11515966,0.99278143]],\"reconstructed\":true},{\"name\":\"MCC_Flight_01_00042.JPG\",\"position\":{\"x\":-76.10250420424,\"y\":-72.79492763096,\"z\":-0.344432132460001},\"rotation\":[[-0.95423956,0.29177298,-0.06553926],[-0.28227007,-0.95118669,-0.12476973],[-0.09874451,-0.10056044,0.99001875]],\"reconstructed\":true},{\"name\":\"MCC_Flight_01_00043.JPG\",\"position\":{\"x\":-87.44081160535,\"y\":-96.60040578293001,\"z\":-1.53672000755},\"rotation\":[[-0.96296115,0.26776637,0.03173309],[-0.26941476,-0.96028098,-0.07263697],[0.01102294,-0.07849594,0.99685349]],\"reconstructed\":true},{\"name\":\"MCC_Flight_01_00044.JPG\",\"position\":{\"x\":-96.39805144616999,\"y\":-120.73143497603999,\"z\":-0.4554417667900032},\"rotation\":[[-0.96169947,-0.00099297,0.27410426],[-0.02296408,-0.99618603,-0.08417868],[0.27314242,-0.08724914,0.95800877]],\"reconstructed\":true},{\"name\":\"MCC_Flight_01_00045.JPG\",\"position\":{\"x\":-100.53268096759,\"y\":-145.75518033404,\"z\":-0.06739567997000234},\"rotation\":[[-0.98937033,-0.14275866,0.02768254],[0.13805281,-0.98190046,-0.12966457],[0.04569224,-0.12446462,0.99117142]],\"reconstructed\":true},{\"name\":\"MCC_Flight_01_00046.JPG\",\"position\":{\"x\":-138.74918938304998,\"y\":-120.65275630824,\"z\":-3.67230610276},\"rotation\":[[0.78991356,-0.61248986,0.02987889],[0.61250268,0.7857016,-0.08668016],[0.02961483,0.08677074,0.99578803]],\"reconstructed\":true},{\"name\":\"MCC_Flight_01_00047.JPG\",\"position\":{\"x\":-127.2938115934,\"y\":-96.22794421743998,\"z\":-4.94664163249},\"rotation\":[[0.80476376,-0.59350238,-0.01049854],[0.59244899,0.80418271,-0.04789938],[0.03687115,0.03232783,0.99879699]],\"reconstructed\":true},{\"name\":\"MCC_Flight_01_00049.JPG\",\"position\":{\"x\":-105.74537813898,\"y\":-48.70518081913001,\"z\":-3.216289437490001},\"rotation\":[[0.76971216,-0.63686079,-0.04417608],[0.6309367,0.76944482,-0.09936573],[0.0972732,0.0486107,0.99406988]],\"reconstructed\":true},{\"name\":\"MCC_Flight_01_00050.JPG\",\"position\":{\"x\":-95.45476815897,\"y\":-25.116680621690005,\"z\":-2.98944631855},\"rotation\":[[0.83511409,-0.55007129,0.00245649],[0.54620553,0.8286997,-0.12213238],[0.06514583,0.10333622,0.99251078]],\"reconstructed\":true}]}'\n",
    "\n",
    "bundle_data = json.loads(bundle_data_str)\n",
    "\n",
    "camera = bundle_data['camera']\n",
    "f = camera['focal_length']\n",
    "x_c = camera['xo']\n",
    "y_c = camera['yo']\n",
    "width = camera['pixel_width']\n",
    "height = camera['pixel_height']\n",
    "\n",
    "k1 = camera['k1']\n",
    "k2 = camera['k2']\n",
    "k3 = camera['k3']\n",
    "t1 = camera['t1']\n",
    "t2 = camera['t2']\n",
    "\n",
    "#k1 = 0; k2 = 0; k3 = 0; t1 = 0; t2 = 0;\n",
    "\n",
    "views = bundle_data['images']\n",
    "n_views = len(views)\n",
    "views_pos = np.array([[view['position']['x'], view['position']['y'], view['position']['z']] for view in views])\n",
    "views_rot = np.array([view['rotation'] for view in views])"
   ]
  },
  {
   "cell_type": "code",
   "execution_count": 8,
   "id": "3ee3993c",
   "metadata": {},
   "outputs": [],
   "source": [
    "# defining camera model\n",
    "distort_fn = lambda p: distort(p, f, x_c, y_c, k1, k2, k3, t1, t2)\n",
    "\n",
    "def camera2pixel(p):\n",
    "    result, p_d = distort_fn(p)\n",
    "    result, p_d = image2pixel(p_d, f, x_c, y_c, width, height)\n",
    "    return result, p_d\n",
    "\n",
    "def pixel2camera(p):\n",
    "    result, p_c = pixel2image(p, x_c, y_c, width, height)\n",
    "    result, p_u = undistort(p_c, distort_fn)\n",
    "    return result, p_u   "
   ]
  },
  {
   "cell_type": "code",
   "execution_count": 9,
   "id": "a9ec15a7",
   "metadata": {},
   "outputs": [],
   "source": [
    "if True:\n",
    "    # Synthetic data from real flight\n",
    "    \n",
    "    # Some findings:\n",
    "    #    Solution #2 needs at least 4 points\n",
    "    points_gt = np.array([[540825.856998-50, 127060.950000-50, 276.267000], \n",
    "                          [540704.787994, 126897.916000, 270.622000],\n",
    "                          [540684.070007, 126880.800003, 267.571000]])\n",
    "    points_gt = points_gt - bundle_mean_offset\n",
    "\n",
    "    R_gt = Rotation.from_euler('ZYX', [10.1, 5.2, -3.3], degrees=True).as_matrix()\n",
    "    #R_gt = Rotation.from_euler('ZYX', [90.1, -215.2, 124.3], degrees=True).as_matrix()\n",
    "    t_gt = np.array([1.4, -2.5, -38.6])\n",
    "    \n",
    "    # Let's do inverse transform so we get exactly the input numbers at the end\n",
    "    points_lidar = (R_gt.T @ (points_gt - t_gt).T).T\n",
    "    \n",
    "    backprojections = []\n",
    "    gcps = []\n",
    "    for i in range(points_gt.shape[0]):\n",
    "        P_w = points_gt[i, :]\n",
    "        gcps.append({\n",
    "            'XYZ': points_lidar[i, :] + bundle_mean_offset\n",
    "        })\n",
    "        backprojections.append([]);\n",
    "        for k in range(n_views):\n",
    "            R = views_rot[k]\n",
    "            C = views_pos[k]\n",
    "            is_on_image, pt = backproject(C, R, camera2pixel)\n",
    "            #is_on_image, pt = backproject(C, R, f, x_c, y_c, width, height, 0, 0, 0, 0, 0)\n",
    "            if is_on_image:\n",
    "                backprojections[i].append([k, pt[0], pt[1]])\n",
    "\n",
    "else:\n",
    "    # Data from real flight and hand picked image points\n",
    "        \n",
    "    # Results from seven param\n",
    "    gcp_str = '[{\"XYZ\":[540825.86,127060.95,276.27],\"appearances\":[[\"MCC_Flight_01_00007.JPG\",3672,4014],[\"MCC_Flight_01_00006.JPG\",4516,610]]},{\"XYZ\":[540704.79,126897.92,270.62],\"appearances\":[[\"MCC_Flight_01_00015.JPG\",4887,4302],[\"MCC_Flight_01_00014.JPG\",5410,3107],[\"MCC_Flight_01_00012.JPG\",5858,648],[\"MCC_Flight_01_00013.JPG\",5696,1971],[\"MCC_Flight_01_00023.JPG\",4729,1458],[\"MCC_Flight_01_00024.JPG\",5473,2633],[\"MCC_Flight_01_00025.JPG\",5108,4251],[\"MCC_Flight_01_00039.JPG\",864,1306],[\"MCC_Flight_01_00040.JPG\",2089,2041],[\"MCC_Flight_01_00041.JPG\",640,3417],[\"MCC_Flight_01_00042.JPG\",1165,4983]]},{\"XYZ\":[540684.4,126880.9,267.57],\"appearances\":[[\"MCC_Flight_01_00022.JPG\",4103,1463],[\"MCC_Flight_01_00016.JPG\",5570,4650],[\"MCC_Flight_01_00013.JPG\",6653,859],[\"MCC_Flight_01_00014.JPG\",6382,1976],[\"MCC_Flight_01_00015.JPG\",5739,3111],[\"MCC_Flight_01_00023.JPG\",4452,2958],[\"MCC_Flight_01_00024.JPG\",5136,4054],[\"MCC_Flight_01_00039.JPG\",1854,152],[\"MCC_Flight_01_00040.JPG\",3040,962],[\"MCC_Flight_01_00041.JPG\",1562,2268],[\"MCC_Flight_01_00042.JPG\",1034.2571235428882,4353.277428469248]]},{\"XYZ\":[540653.43,126904.21,270.62],\"appearances\":[[\"MCC_Flight_01_00023.JPG\",2245,3103],[\"MCC_Flight_01_00022.JPG\",1867,1476],[\"MCC_Flight_01_00015.JPG\",7720,3975],[\"MCC_Flight_01_00024.JPG\",2992,4142],[\"MCC_Flight_01_00039.JPG\",3832,1054],[\"MCC_Flight_01_00040.JPG\",4878,1970],[\"MCC_Flight_01_00041.JPG\",3467,3209],[\"MCC_Flight_01_00042.JPG\",3825,4600],[\"MCC_Flight_01_00050.JPG\",6305,259]]}]'\n",
    "    \n",
    "    # Readjusted with lidar points as tiepoints\n",
    "    #gcp_str = '[{\"XYZ\":[540825.86,127060.95,276.27],\"appearances\":[[\"MCC_Flight_01_00006.JPG\",4516,610],[\"MCC_Flight_01_00007.JPG\",3672,4014]]},{\"XYZ\":[540704.79,126897.92,270.62],\"appearances\":[[\"MCC_Flight_01_00012.JPG\",5858,648],[\"MCC_Flight_01_00013.JPG\",5696,1971],[\"MCC_Flight_01_00014.JPG\",5409,3108],[\"MCC_Flight_01_00015.JPG\",4887,4302],[\"MCC_Flight_01_00023.JPG\",4729,1458],[\"MCC_Flight_01_00024.JPG\",5473,2633],[\"MCC_Flight_01_00025.JPG\",5108,4251],[\"MCC_Flight_01_00039.JPG\",864,1306],[\"MCC_Flight_01_00040.JPG\",2089,2041],[\"MCC_Flight_01_00041.JPG\",640,3417],[\"MCC_Flight_01_00042.JPG\",1165,4983]]},{\"XYZ\":[540684.4,126880.9,267.57],\"appearances\":[[\"MCC_Flight_01_00013.JPG\",6653,859],[\"MCC_Flight_01_00014.JPG\",6382,1976],[\"MCC_Flight_01_00015.JPG\",5739,3111],[\"MCC_Flight_01_00016.JPG\",5570,4650],[\"MCC_Flight_01_00022.JPG\",4103,1463],[\"MCC_Flight_01_00023.JPG\",4453,2959],[\"MCC_Flight_01_00024.JPG\",5136,4054],[\"MCC_Flight_01_00039.JPG\",1854,152],[\"MCC_Flight_01_00040.JPG\",3040,962],[\"MCC_Flight_01_00041.JPG\",1562,2268],[\"MCC_Flight_01_00042.JPG\",1079.2637086594968,4371.709779957391]]},{\"XYZ\":[540653.43,126904.21,270.62],\"appearances\":[[\"MCC_Flight_01_00015.JPG\",7720,3975],[\"MCC_Flight_01_00022.JPG\",1867,1476],[\"MCC_Flight_01_00023.JPG\",2245,3103],[\"MCC_Flight_01_00024.JPG\",2992,4142],[\"MCC_Flight_01_00039.JPG\",3832,1054],[\"MCC_Flight_01_00040.JPG\",4878,1970],[\"MCC_Flight_01_00041.JPG\",3465,3206],[\"MCC_Flight_01_00042.JPG\",3825,4600],[\"MCC_Flight_01_00050.JPG\",6305,259]]}]'\n",
    "    \n",
    "    gcps = json.loads(gcp_str)\n",
    "    \n",
    "    backprojections = []\n",
    "    points_lidar = []\n",
    "    for gcp_idx, gcp in enumerate(gcps):\n",
    "        #if gcp_idx == 2:\n",
    "        #    continue\n",
    "        XYZ = gcp['XYZ']\n",
    "        points_lidar.append(XYZ)\n",
